[[0.0, 7.268918918918919, 7.845945945945946, 7.205405405405406, 8.16081081081081, 7.724324324324324, 7.2662162162162165, 4.8229729729729724, 7.9202702702702705, 8.347297297297297, 7.3878378378378375, 7.22027027027027, 8.116216216216216, 7.621621621621622, 7.322972972972973, 8.274324324324324], [7.268918918918919, 0.0, 6.05, 7.186486486486486, 6.7337837837837835, 6.833783783783784, 6.867567567567567, 5.25, 7.856756756756757, 7.205405405405406, 6.583783783783784, 5.752702702702703, 6.312162162162163, 6.124324324324324, 6.333783783783784, 8.074324324324325], [7.845945945945946, 6.05, 0.0, 5.72972972972973, 6.239189189189189, 6.460810810810811, 7.812162162162162, 6.436486486486486, 8.487837837837837, 6.922972972972973, 5.45, 5.413513513513513, 5.628378378378378, 6.314864864864864, 5.844594594594595, 8.493243243243244], [7.205405405405406, 7.186486486486486, 5.72972972972973, 0.0, 6.57027027027027, 5.978378378378379, 8.036486486486487, 5.678378378378379, 8.474324324324325, 7.645945945945946, 6.1054054054054046, 6.3229729729729724, 6.528378378378379, 6.158108108108108, 5.6567567567567565, 8.77972972972973], [8.16081081081081, 6.7337837837837835, 6.239189189189189, 6.57027027027027, 0.0, 6.308108108108108, 7.54054054054054, 7.436486486486486, 8.574324324324325, 7.513513513513514, 4.6824324324324325, 6.975675675675676, 5.472972972972973, 6.263513513513513, 6.487837837837838, 8.436486486486487], [7.724324324324324, 6.833783783783784, 6.460810810810811, 5.978378378378379, 6.308108108108108, 0.0, 8.135135135135135, 6.225675675675676, 8.636486486486486, 7.82027027027027, 4.916216216216216, 6.666216216216216, 5.187837837837838, 5.763513513513514, 6.2405405405405405, 9.108108108108109], [7.2662162162162165, 6.867567567567567, 7.812162162162162, 8.036486486486487, 7.54054054054054, 8.135135135135135, 0.0, 6.967567567567568, 6.718918918918918, 7.6, 7.467567567567568, 6.981081081081081, 7.7594594594594595, 7.701351351351351, 7.397297297297298, 5.943243243243243], [4.8229729729729724, 5.25, 6.436486486486486, 5.678378378378379, 7.436486486486486, 6.225675675675676, 6.967567567567568, 0.0, 7.806756756756757, 7.575675675675676, 6.770270270270271, 5.825675675675676, 6.975675675675676, 6.518918918918919, 6.514864864864864, 8.35], [7.9202702702702705, 7.856756756756757, 8.487837837837837, 8.474324324324325, 8.574324324324325, 8.636486486486486, 6.718918918918918, 7.806756756756757, 0.0, 8.137837837837838, 8.664864864864866, 7.556756756756757, 8.427027027027027, 8.54864864864865, 8.360810810810811, 5.977027027027027], [8.347297297297297, 7.205405405405406, 6.922972972972973, 7.645945945945946, 7.513513513513514, 7.82027027027027, 7.6, 7.575675675675676, 8.137837837837838, 0.0, 7.775675675675676, 7.043243243243243, 7.5, 7.866216216216216, 7.15, 8.14864864864865], [7.3878378378378375, 6.583783783783784, 5.45, 6.1054054054054046, 4.6824324324324325, 4.916216216216216, 7.467567567567568, 6.770270270270271, 8.664864864864866, 7.775675675675676, 0.0, 6.1378378378378375, 3.6270270270270277, 4.787837837837837, 6.312162162162162, 8.77972972972973], [7.22027027027027, 5.752702702702703, 5.413513513513513, 6.3229729729729724, 6.975675675675676, 6.666216216216216, 6.981081081081081, 5.825675675675676, 7.556756756756757, 7.043243243243243, 6.1378378378378375, 0.0, 6.805405405405406, 6.585135135135135, 5.985135135135136, 7.866216216216216], [8.116216216216216, 6.312162162162163, 5.628378378378378, 6.528378378378379, 5.472972972972973, 5.187837837837838, 7.7594594594594595, 6.975675675675676, 8.427027027027027, 7.5, 3.6270270270270277, 6.805405405405406, 0.0, 5.291891891891892, 6.245945945945945, 8.277027027027026], [7.621621621621622, 6.124324324324324, 6.314864864864864, 6.158108108108108, 6.263513513513513, 5.763513513513514, 7.701351351351351, 6.518918918918919, 8.54864864864865, 7.866216216216216, 4.787837837837837, 6.585135135135135, 5.291891891891892, 0.0, 6.5864864864864865, 8.901351351351352], [7.322972972972973, 6.333783783783784, 5.844594594594595, 5.6567567567567565, 6.487837837837838, 6.2405405405405405, 7.397297297297298, 6.514864864864864, 8.360810810810811, 7.15, 6.312162162162162, 5.985135135135136, 6.245945945945945, 6.5864864864864865, 0.0, 8.044594594594594], [8.274324324324324, 8.074324324324325, 8.493243243243244, 8.77972972972973, 8.436486486486487, 9.108108108108109, 5.943243243243243, 8.35, 5.977027027027027, 8.14864864864865, 8.77972972972973, 7.866216216216216, 8.277027027027026, 8.901351351351352, 8.044594594594594, 0.0]]